
--debug-------------------------------------------------------
x: 0.5

n: 100000000

Result: 0.594534891891836
Elapsed time: 34112


--release-----------------------------------------------------
x: 0.5

n: 100000000

Result: 0.594534891891836
Elapsed time: 33075

--x64----------------------------------------------------------

x: 0.5

n: 100000000

Result: 0.594534891891836
Elapsed time: 22200
